16670 16671 16672 16673 
20457 20458 20459 20460 20461 
20971 20972 20973 20974 
20980 20981 20982 20983 20984 
22387 22388 22389 22390 
22614 22615 22616 22617 
24675 24676 24677 24678 
24734 24735 24736 24737 
24768 24769 24770 24771 
25063 25064 25065 25066 
25311 25312 25313 25314 25315 
25352 25353 25354 25355 25356 
25374 25375 25376 25377 25378 25379 
25392 25393 25394 25395 25396 
25402 25403 25404 25405 
25430 25431 25432 25433 25434 
25538 25539 25540 25541 25542 25543 25544 25545 25546 25547 
25559 25560 25561 25562 
25654 25655 25656 25657 
25857 25858 25859 25860 25861 
25986 25987 25988 25989 
27400 27401 27402 27403 
27430 27431 27432 27433 27434 
27468 27469 27470 27471 
27565 27566 27567 27568 27569 27570 27571 27572 27573 27574 
27585 27586 27587 27588 
27641 27642 27643 27644 
27649 27650 27651 27652 
27714 27715 27716 27717 
27765 27766 27767 27768 27769 27770 27771 27772 
27801 27802 27803 27804 27805 27806 27807 
28526 28527 28528 28529 
28551 28552 28553 28554 
28555 28556 28557 28558 28559 28560 
28732 28733 28734 28735 28736 
28844 28845 28846 28847 28848 
28858 28859 28860 28861 
28960 28961 28962 28963 
29327 29328 29329 29330 
29336 29337 29338 29339 29340 29341 
29342 29343 29344 29345 
29474 29475 29476 29477 
29484 29485 29486 29487 29488 29489 29490 29491 
29579 29580 29581 29582 
29586 29587 29588 29589 29590 29591 
29675 29676 29677 29678 
29685 29686 29687 29688 29689 
29865 29866 29867 29868 
30096 30097 30098 30099 30100 
30263 30264 30265 30266 
30268 30269 30270 30271 
30292 30293 30294 30295 
30312 30313 30314 30315 30316 30317 30318 30319 30320 30321 
30344 30345 30346 30347 
30355 30356 30357 30358 30359 
30416 30417 30418 30419 
30429 30430 30431 30432 30433 
31012 31013 31014 31015 
31120 31121 31122 31123 
31348 31349 31350 31351 
31421 31422 31423 31424 
31435 31436 31437 31438 31439 
32734 32735 32736 32737 
32881 32882 32883 32884 32885 
32977 32978 32979 32980 
33024 33025 33026 33027 
33028 33029 33030 33031 
33094 33095 33096 33097 33098 33099 33100 
33165 33166 33167 33168 
33188 33189 33190 33191 
33218 33219 33220 33221 
33230 33231 33232 33233 
33238 33239 33240 33241 
33271 33272 33273 33274 33275 
33303 33304 33305 33306 33307 
33308 33309 33310 33311 33312 33313 
33337 33338 33339 33340 33341 33342 33343 33344 33345 33346 
33406 33407 33408 33409 
33410 33411 33412 33413 
33422 33423 33424 33425 
33435 33436 33437 33438 
33461 33462 33463 33464 33465 33466 
33676 33677 33678 33679 33680 33681 33682 33683 33684 33685 33686 
33687 33688 33689 33690 33691 33692 33693 
33771 33772 33773 33774 
33891 33892 33893 33894 
33939 33940 33941 33942 33943 
33997 33998 33999 34000 
34009 34010 34011 34012 
34032 34033 34034 34035 
34054 34055 34056 34057 
34089 34090 34091 34092 
34093 34094 34095 34096 34097 34098 34099 34100 34101 
34137 34138 34139 34140 
34141 34142 34143 34144 
34156 34157 34158 34159 34160 
34344 34345 34346 34347 
34372 34373 34374 34375 
34468 34469 34470 34471 
34472 34473 34474 34475 
34545 34546 34547 34548 
34588 34589 34590 34591 34592 34593 34594 34595 34596 34597 34598 34599 34600 34601 34602 34603 
34607 34608 34609 34610 34611 
34662 34663 34664 34665 34666 
34799 34800 34801 34802 
34804 34805 34806 34807 34808 
34858 34859 34860 34861 
34864 34865 34866 34867 
34871 34872 34873 34874 
34878 34879 34880 34881 
34951 34952 34953 34954 
34962 34963 34964 34965 
35048 35049 35050 35051 
35107 35108 35109 35110 
35186 35187 35188 35189 35190 
35200 35201 35202 35203 
35204 35205 35206 35207 
35252 35253 35254 35255 35256 
35257 35258 35259 35260 
35344 35345 35346 35347 35348 35349 35350 35351 35352 35353 35354 
35355 35356 35357 35358 
35519 35520 35521 35522 
35574 35575 35576 35577 
35617 35618 35619 35620 
35710 35711 35712 35713 35714 
35718 35719 35720 35721 35722 35723 35724 35725 35726 35727 35728 35729 
35821 35822 35823 35824 35825 35826 35827 
35837 35838 35839 35840 
35866 35867 35868 35869 
35875 35876 35877 35878 
35959 35960 35961 35962 
36118 36119 36120 36121 36122 36123 
36127 36128 36129 36130 
36176 36177 36178 36179 36180 
36181 36182 36183 36184 
36185 36186 36187 36188 36189 36190 
36201 36202 36203 36204 
36221 36222 36223 36224 36225 
36290 36291 36292 36293 36294 36295 36296 36297 
36300 36301 36302 36303 36304 
36306 36307 36308 36309 
36318 36319 36320 36321 36322 36323 36324 
36380 36381 36382 36383 36384 36385 36386 36387 
36390 36391 36392 36393 36394 
36499 36500 36501 36502 36503 
36528 36529 36530 36531 36532 
36543 36544 36545 36546 36547 
36548 36549 36550 36551 
